720
-401
44
-164
-403
-515
922
-156
-579
-86
-644
622
646
-555
-717
-876
722
148
-398
-17
-87
-620
660
-499
-350
-50
-111
708
732
-46
354
-541
-683
557
-473
56
237
4
-155
-693
-928
-903
363
30
62
723
-220
-314
-513
-375
-554
-142
128
-464
71
542
-310
-645
298
450
-978
463
-920
-440
-201
141
520
329
-273
-320
398
-416
195
-114
-509
13
-313
-682
-282
234
-119
970
-331
642
-525
232
-687
260
-552
-400
-24
45
-209
961
84
854
380
159
285
-451
-427
-806
-31
-816
694
758
-754
-506
-61
680
699
-599
-312
-232
-546
-27
-284
-140
383
-397
26
-940
-528
-217
-665
982
-805
-217
414
475
426
105
-450
-339
-837
-262
368
244
218
-610
-749
681
-469
-64
91
660
72
988
-109
2
-265
882
-574
-326
-584
-44
-767
-758
209
-91
-591
756
372
-876
204
118
546
-11
-831
184
-170
862
-663
627
993
212
922
337
122
-439
560
911
-208
525
796
-822
780
-159
582
384
128
-91
272
-28
901
-769
861
291
390
-199
-303
969
-151
-942
680
-500
812
714
-94
803
47
-440
56
-727
184
580
-567
-132
618
-288
-1
-265
-336
-422
-948
401
619
-209
-386
-924
181
907
-804
792
619
625
287
-782
-564
291
427
608
871
343
236
706
-999
961
-715
93
-430
-667
133
547
-505
325
-542
-375
469
156
832
-695
616
-101
-935
-593
-923
193
190
-627
523
-80
258
862
707
267
-519
250
-453
-802
-305
755
365
461
399
-746
756
932
337
-972
-519
-75
160
-762
354
-4
-155
-379
490
643
-555
-260
188
-67
-677
-521
-247
173
-52
133
335
690
659
-688
65
843
-11
-279
-706
-206
-63
804
-978
-559
10
815
-989
777
229
-458
218
346
629
-980
-496
789
949
677
292
-354
-942
761
-414
-49
815
-720
-182
-28
-131
241
-832
426
-844
195
-209
-215
-675
904
920
-308
308
-662
699
161
-407
-401
517
-194
353
-525
192
19
522
715
990
616
956
-27
362
-171
527
535
-854
706
-959
502
-421
782
-684
554
869
559
823
226
711
695
962
37
-528
-575
157
206
-338
-139
-196
-989
439
-69
-984
766
-237
-111
-529
5
-791
-868
-214
-422
757
500
971
-4
109
-442
-344
983
619
-209
-868
-672
582
-546
379
1000
241
-265
-842
92
540
517
589
833
-68
623
-508
-264
-954
-179
482
-665
785
247
797
138
-897
741
-900
-564
-376
-458
-970
-858
-236
-185
438
-710
-943
-804
356
831
361
606
903
159
-641
987
-606
989
-938
756
121
-513
457
-425
-171
814
-974
-725
587
-30
-991
-726
-901
-418
406
298
-352
-178
73
-207
191
280
934
799
-404
-222
123
185
511
-46
-633
-470
-907
-949
-343
778
-627
-203
-739
697
-553
525
897
-687
57
-819
95
562
-29
642
840
-186
481
423
995
-436
699
782
640
160
-51
503
534
-883
-812
353
851
892
-240
32
-850
-344
-85
93
494
725
-102
399
-111
632
271
-404
990
-207
67
922
496
-263
392
-434
659
-402
-416
-562
600
597
89
268
841
444
342
396
-494
-77
870
222
346
-937
633
875
553
-351
-690
594
-254
-499
-433
-383
597
773
256
-420
765
679
572
-260
-191
-829
883
-269
18
-46
-504
445
-161
-865
-160
513
-170
381
306
-818
63
-876
495
846
-835
957
-882
32
424
-261
-234
-170
633
322
-415
67
-131
-594
51
-24
-646
185
-626
-331
633
-207
251
-123
-88
-783
-274
-680
-395
-816
635
115
139
-331
632
-630
57
825
-201
-123
520
942
-925
11
696
741
-522
-700
416
644
898
-520
-179
522
-821
-226
-857
-891
232
966
77
822
-817
-29
-852
-364
-957
759
-957
582
-620
-418
-230
189
515
92
419
725
943
299
595
72
-984
-274
-443
-695
-655
222
-589
80
-569
984
-161
-353
-253
37
-492
-646
-937
9
-866
184
682
-132
-937
-535
898
509
626
-471
-378
121
-374
-286
-551
-67
951
252
627
-708
187
-100
-794
-591
209
-359
-171
-5
-631
-945
924
364
-450
-830
24
-794
-582
658
496
139
-130
939
-655
726
77
-203
-310
-945
-927
332
-210
110
33
827
716
212
-282
-103
-421
-673
967
719
629
-8
-784
695
378
-374
-818
650
-900
-958
159
-641
839
-128
-647
-953
-493
479
-542
384
504
606
93
115
385
-458
859
-123
49
71
874
812
458
-758
271
-719
-640
-541
-954
-438
-473
959
217
60
-777
626
-804
-570
-809
-233
849
-883
-163
-735
347
-991
171
-274
583
-337
684
320
-251
-451
-785
894
815
320
739
-654
534
-988
369
305
-23
433
525
-642
-68
900
-693
-586
-801
856
-495
-872
-890
248
-702
-476
-947
952
-167
-29
-661
882
-23
659
-846
-181
929
229
756
-390
485
-823
-919
-19
-90
-255
974
408
693
-404
174
-962
-879
44
290
558
-483
-879
-352
555
490
-272
471
506
92
423
564
154
-508
352
-597
-297
516
107
-113
76
204
-736
-933
-352
-42
665
902
224
-48
-594
-381
911
352
-864
699
-843
300
-654
-686
-640
683
-243
-228
64
-359
-479
13
635
-631
-201
-790
-40
619
700
51
304
-12
-98
-531
-411
152
923
179
271
848
366
753
-946
304
639
-881
-624
-855
408
976
161
-263
340
202
-759
979
391
825
-759
523
-356
341
303
193
-224
-76
-823
-966
600
876
-156
-173
-712
-683
413
-560
-30
-274
-274
-599
-197
-677
170
288
471
921
846
-948
-803
721
-110
682
-764
-553
811
-498
-76
25
897
-941
755
207
77
381
559
-890
516
-449
515
808
323
894
302
-565
-567
451
-119
962
521
820
-283
599
1000
-243
929
211
-761
-129
672
994
-977
578
-748
254
411
128
-237
61
-237
-378
996
-877
76
88
-810
884
-87
32
589
-302
-674
786
375
-888
-969
560
-779
-943
-258
-973
-228
260
-298
-400
-481
-63
280
209
166
62
924
789
-307
273
-868
-776
686
456
-64
-516
-78
-405
-934
227
-723
-112
-945
553
-575
755
-35
477
-846
-35
197
525
-722
-991
-896
-463
-35
-40
-121
-413
195
-816
383
-433
687
-350
950
162
-992
-305
-467
193
-41
-747
-230
-910
-851
-599
-456
-261
430
714
134
-94
-683
813
-696
52
286
-680
384
946
388
-122
-286
655
-235
174
763
-187
-215
134
270
-490
385
503
-16
433
813
-67
-889
367
892
-930
260
445
-780
19
537
-789
-819
164
-947
199
469
-294
1000
-957
430
446
-944
-910
-760
-869
54
524
699
-109
375
734
889
-379
-964
-569
761
558
-314
-764
-623
-854
-545
-249
887
976
628
-175
-314
359
-644
-177
-633
849
629
539
418
-260
-344
-645
727
-622
-14
44
151
-176
682
-222
-315
164
897
-969
240
539
-800
-71
67
199
708
952
-158
365
398
847
692
722
-109
-393
916
603
843
653
-778
-858
-271
823
-569
-513
-343
527
498
-919
-266
-276
-696
383
-92
-976
316
742
-737
-393
797
-417
-528
-256
948
-633
-877
-613
390
-803
-631
-921
-130
-431
-365
413
368
389
59
-182
-542
724
917
607
129
-554
-294
846
-95
-32
-367
213
465
962
927
674
-389
-701
478
-626
297
-164
486
579
533
508
-652
-182
899
-357
227
-430
-246
707
523
-876
-426
837
215
-33
-209
-42
773
846
-938
-466
345
-688
-914
-509
-284
211
-601
915
-570
616
752
-739
-115
685
-229
204
-755
-29
-993
608
756
-134
-945
494
-204
244
104
-252
1
-27
-389
-830
-941
-392
708
128
473
-818
-234
674
-311
426
-998
855
-379
-692
-467
-891
-312
234
-984
-30
677
321
-209
-52
-447
-453
-341
-911
-739
-281
-309
-674
890
37
739
-643
746
482
770
429
-514
-975
-564
262
559
-118
791
730
874
-655
-242
44
-778
-873
558
61
-415
529
-804
-559
107
599
934
-457
-102
-652
-378
-467
-347
-556
-415
90
-211
947
-365
179
-691
252
703
-224
861
-186
-358
-708
443
-930
-816
34
977
-893
-112
226
-36
31
-727
947
140
62
232
-776
931
-445
694
148
-443
498
363
3
609
-96
-265
545
-303
675
506
138
754
-415
803
-851
-689
-770
589
574
-131
82
203
253
-86
224
-380
711
-324
198
-615
-568
-8
-988
-941
101
51
-516
-598
-584
-818
-768
-632
715
442
256
-147
-216
912
367
826
-422
233
-536
-231
259
-491
402
522
732
-140
906
-753
857
-212
95
-405
-956
609
-226
284
-393
350
570
677
-881
-593
-940
80
140
592
256
64
296
331
-461
-178
-648
708
-563
-153
-13
318
-142
678
-327
-368
-125
22
618
-639
715
-999
-79
226
536
-192
659
923
-367
-973
265
911
-835
-808
741
55
-931
-983
1
32
445
189
889
-248
-116
626
-285
-297
-748
823
68
761
-610
-759
750
833
-989
-181
-405
-879
749
-196
785
-335
386
-719
-362
164
212
315
-985
253
-184
319
560
483
462
596
658
170
407
-848
99
-374
-468
492
-938
934
645
-55
910
-742
-666
-938
168
900
-25
-168
-574
785
-223
980
536
624
-41
688
-167
-554
-33
149
-491
694
-966
107
-368
391
-977
-708
426
530
-140
-145
-458
-796
-282
-983
712
-105
774
522
-250
-339
-783
-668
-207
149
562
-75
752
-52
-827
-102
111
-65
-143
-546
-208
860
-355
-259
-517
-131
857
-110
-609
448
620
-316
-194
-319
138
713
222
-347
-610
245
600
318
-418
-154
573
-839
-245
766
-106
286
124
-110
-831
-300
573
491
-531
-557
601
332
317
841
-837
384
-326
-227
953
695
159
-508
548
648
610
-381
4
186
514
371
-718
471
-123
-863
603
-702
66
200
387
-755
-549
231
91
131
642
-390
-381
-257
-625
-66
-627
-315
-407
-480
-409
775
58
528
-919
-131
-2
-265
-525
-203
-840
-627
-913
235
-760
-738
-939
19
-914
-545
341
676
-600
92
907
-305
53
-87
77
332
-484
-49
569
-89
767
263
595
-8
667
278
-49
-927
-320
363
-858
-310
-586
-341
-279
-378
362
585
396
778
-167
-255
91
-27
439
459
-479
464
880
115
681
-346
145
288
-155
-663
-883
-612
-273
190
-286
475
609
-418
524
-721
388
682
-642
822
565
-317
-104
142
140
-383
849
806
-321
842
599
-292
23
-851
438
56
-90
863
-89
-928
468
88
118
-433
349
-744
962
-871
982
618
-766
622
692
814
754
-526
167
-277
437
-816
-948
899
-703
295
340
349
727
-238
890
-296
69
-292
-13
-733
-411
740
-249
492
-419
-923
823
-340
-510
-577
-868
-725
33
-950
-65
-811
441
-937
914
5
59
-192
526
-241
926
-155
-846
936
-179
35
-3
-224
161
584
975
746
-49
-883
630
-655
-38
-339
-477
-898
572
-204
-896
972
-314
-339
560
206
682
543
373
-55
-213
736
-396
-449
612
-587
-393
-778
699
688
-48
907
597
858
-984
512
-933
-737
26
-744
420
-747
237
-924
583
-822
62
732
-577
169
820
520
403
-395
-95
-268
345
68
577
-231
-344
374
-858
787
4
268
750
-947
-437
-605
67
129
-668
-667
-963
-179
-372
-933
513
734
-999
467
957
-846
-807
-130
-997
-918
885
844
63
131
-926
-37
-978
-613
625
442
-759
-333
-959
974
-896
-706
-217
312
613
-178
905
516
780
53
595
-916
-728
827
923
-312
-635
140
-193
-298
622
330
327
-732
101
-370
-134
-911
554
-392
-567
-106
115
-746
-50
-418
970
-998
578
956
753
451
93
-955
-601
-935
-317
455
-770
-625
-103
-532
706
939
-122
590
402
374
-901
-465
-605
683
499
-694
-148
-59
-22
-843
510
588
-93
-689
-654
877
-903
729
-878
707
-93
-187
-888
-319
654
338
168
-160
-478
727
227
-96
408
223
625
3
-159
849
92
966
-780
668
536
-135
-22
-749
-252
-296
-828
-112
376
-860
865
-353
547
636
536
876
-989
217
-108
214
399
683
-669
-39
501
-12
393
898
130
867
-12
105
248
-82
-281
-816
920
987
-413
-109
240
-940
659
-918
-403
-756
-790
8
383
-190
711
582
18
357
-376
179
-323
-392
-572
827
-211
620
-695
85
245
389
-610
261
93
462
827
726
-56
467
229
736
-906
195
-940
-218
830
912
279
104
452
-751
1
672
-295
-860
-943
-751
-83
-128
163
837
-228
-275
-407
372
278
541
87
-7
616
-839
102
720
398
-401
177
112
-200
623
-760
-957
348
-383
-864
-401
-459
168
-32
272
-368
706
-247
-295
-524
-573
-990
-344
-495
-432
273
-834
781
-996
889
-867
-112
755
-890
-720
-111
-904
-930
-844
-877
-359
917
241
784
-678
-555
742
-173
130
-513
-589
650
-198
-838
991
80
-681
752
-671
-134
-89
-462
325
-532
385
375
-68
-911
-211
84
444
-30
-65
-310
993
181
-452
104
-250
917
85
230
31
738
208
-847
493
-672
-753
99
941
943
-655
-419
-125
319
-353
-305
-665
-711
215
-573
144
350
43
263
871
883
-662
-109
382
592
689
313
-985
328
812
175
28
354
234
-394
-681
-19
-167
-858
-881
388
372
-247
372
33
442
-162
-258
254
-811
156
-998
-319
-505
-650
-293
563
-259
-724
181
161
335
-244
-53
531
-409
770
906
-895
200
-579
-876
-600
-425
200
-960
7
-908
135
-39
-57
23
-153
-865
-976
370
852
548
-680
-30
372
461
375
548
263
-400
-993
314
552
756
831
577
-538
-47
855
449
637
-791
-701
94
-524
-729
704
-371
529
136
-248
626
-144
-541
620
-215
61
-847
-995
-467
-610
-428
-794
71
375
-456
576
-96
394
-836
523
-883
387
360
644
-75
353
631
93
-732
-147
-12
-892
-26
-843
-504
-505
-225
18
180
-513
-326
-825
696
820
-283
618
-189
-345
-581
177
304
-802
-615
976
596
-577
374
-406
-760
691
-869
-820
286
-771
685
-112
-549
-746
-544
-875
-429
-596
-592
-758
544
-429
283
-122
-288
782
-79
-388
-340
-548
481
-857
386
-78
-718
866
-954
356
-909
587
2
-594
-170
-736
358
227
-725
-519
234
736
480
546
-569
449
979
956
26
820
-741
-917
266
-626
821
-410
565
322
297
-84
733
966
-51
-644
216
574
290
842
-503
517
-639
-361
434
361
-813
379
-835
969
196
-633
-107
-972
-661
-186
147
829
246
-521
-164
-52
-386
82
479
923
685
-267
-621
568
246
756
-612
-250
19
617
-943
561
-867
874
-454
-829
254
-910
824
-932
621
-140
-184
-545
-475
-818
517
531
741
-465
-44
-348
-43
676
-440
-129
435
234
43
-673
-13
143
860
-490
-277
995
615
-131
-595
559
193
-505
869
114
785
-833
-888
-469
298
195
-11
788
77
-395
-642
351
695
864
-349
-664
966
423
-569
-344
211
786
-77
-961
-347
-353
-673
925
497
16
-846
-946
553
-603
-861
572
-268
-786
721
929
-5
-497
-592
-114
-916
830
490
210
405
-268
-555
-947
599
610
996
-101
-309
866
631
293
-157
-15
351
-753
114
358
415
310
-759
-736
-394
142
361
-910
-446
-128
149
193
852
589
99
-273
308
-299
-621
-645
265
296
244
-594
-396
736
964
406
-615
-406
451
778
930
461
365
-838
620
-60
-941
639
177
-144
-825
286
696
-961
-973
-98
973
416
275
542
355
-712
-926
925
-532
782
952
-572
-257
-422
793
166
-395
703
-993
-618
287
178
223
-811
584
103
-181
-421
-219
969
-836
774
-677
985
124
-163
-801
773
684
853
371
-326
-731
604
964
-723
359
48
790
422
943
38
443
-458
-522
310
517
583
-652
701
-827
-635
477
636
427
-104
133
311
532
229
317
142
639
-384
-1
878
-363
-653
-141
-20
-736
-281
311
400
978
808
439
590
-361
-771
404
921
-756
-693
421
-203
778
609
-624
-322
143
-279
712
-482
-968
19
85
600
413
531
-502
-463
-765
404
-382
629
830
-916
215
141
-449
437
-760
159
918
208
447
-650
-202
-462
46
304
-373
-94
595
-517
-263
-991
-157
14
-758
-589
225
-432
847
249
743
-707
-250
817
-97
352
31
-942
-19
-264
423
814
998
-845
-159
-443
-549
448
-615
22
941
-692
123
-329
455
-485
-615
-846
974
-305
-589
733
424
-650
538
786
-401
133
-965
663
365
-878
545
210
-996
-402
-308
256
-237
775
871
892
-539
294
-517
-950
967
642
-852
-739
928
-432
180
548
522
-87
50
-140
636
-583
201
-226
0
180
-629
318
-851
-918
-436
933
-721
-409
342
176
-138
-996
297
157
-455
587
403
72
-744
103
581
-147
10
-511
-801
-756
593
409
95
-368
360
-325
-952
391
-154
795
-651
846
-92
-644
-136
-877
92
-460
722
206
-526
938
68
762
626
996
221
258
486
485
702
228
285
-658
-539
433
-214
-980
773
-476
-744
-63
-882
966
-826
-825
54
-936
842
513
-409
628
-847
935
-882
588
-808
712
-862
90
408
209
-174
185
-474
-281
229
-161
-11
278
-202
146
-466
990
128
222
-26
-945
335
917
791
566
173
564
600
-542
335
-102
-142
742
799
-364
103
363
-100
-423
-632
318
-999
-781
-459
908
-69
768
-426
-798
-445
760
68
150
-64
-813
867
-138
662
864
-802
549
-697
873
262
-402
348
-608
-230
-451
803
202
-141
-564
817
405
-362
-984
-965
992
515
-897
515
-820
586
259
-611
466
735
-910
184
337
-800
-867
166
-967
788
320
-634
821
467
268
969
691
284
653
136
-59
-160
864
-470
505
-16
740
45
546
-478
581
-970
177
805
-291
41
512
725
-956
113
230
560
-533
108
86
-126
-77
135
767
176
-936
607
-672
73
-898
-366
-925
-646
-818
-131
635
-508
-783
2
-667
-525
457
723
-883
-993
263
-856
-344
948
-129
506
-430
-459
307
100
-518
-946
-713
-697
30
884
36
-375
63
-9
-721
-362
180
-27
665
1
-218
893
836
639
602
-350
-84
567
-416
61
394
178
-634
377
-632
462
730
-65
-28
980
-525
432
-131
332
-87
-752
901
679
630
-186
817
527
962
941
-368
-615
-131
126
-719
237
128
3
-839
421
776
916
-798
-630
-16
-178
533
568
47
-3
-552
-605
153
726
684
-494
-108
-522
-780
-112
-364
496
396
735
-964
-979
-469
-933
734
366
332
456
-440
-194
-950
-212
-440
-533
914
682
843
727
-223
1
900
12
50
-195
-417
-700
315
-558
-335
-69
-40
141
680
541
-761
277
-814
238
831
189
-554
811
-446
-274
605
-640
-175
-383
-578
-618
-250
-352
855
-308
436
-803
786
-775
943
-643
991
857
-78
-763
589
-494
-872
139
-645
-552
109
958
-135
315
257
-750
-145
-265
10
-906
-197
-654
-337
-364
-945
840
-946
232
788
-179
-908
352
887
-874
-841
-664
514
358
-933
230
698
-185
644
-481
966
815
342
-264
882
-685
978
517
-34
-386
461
316
625
772
142
136
341
-729
904
952
-778
588
-680
681
-86
-600
-174
-568
752
-596
-322
573
604
-320
-600
-891
91
-932
-738
967
-400
-948
486
-898
-978
299
460
71
-92
378
-342
-267
-307
577
-177
-309
212
-692
-680
432
646
-229
-761
-512
-152
395
166
-900
-26
207
676
-295
-890
-355
231
205
-956
-530
-461
-128
-837
805
294
584
-416
678
618
471
-710
-627
-384
721
344
-288
618
-682
976
-441
-730
246
-640
429
296
924
607
987
584
145
-178
-670
689
-192
-259
839
895
-811
-729
-288
421
802
-511
1000
-574
-406
-606
268
384
-451
-522
-857
-250
389
-837
431
-18
495
-587
546
-668
-257
573
-333
235
326
-516
-117
187
-706
-291
-757
-276
-859
-886
-283
864
406
-567
-781
-621
-909
-696
480
282
-329
636
148
-391
-781
65
409
915
-619
98
755
-466
-447
450
956
-194
-804
191
582
794
-115
-318
-85
-62
-443
433
341
-532
-966
-383
-226
-803
548
-887
-740
333
77
-443
773
415
490
-714
118
-288
-203
407
942
-722
500
97
24
168
852
418
-897
-439
260
-303
399
-461
-347
-461
595
471
-230
18
-815
-422
-271
-403
-792
316
558
116
266
-580
-956
830
-153
28
-639
392
-886
-590
791
507
-591
-211
-969
873
153
-494
-602
402
630
-768
900
-894
-413
293
-235
853
149
-251
-375
-855
704
-168
210
-590
792
383
-759
-372
384
-894
-618
350
577
827
686
-314
352
302
900
503
-816
253
52
975
-878
-51
705
-50
648
496
-959
-727
-323
-357
390
-703
-737
-684
158
940
861
865
-766
53
-535
780
353
702
741
-112
468
346
-823
-793
-857
-947
938
-204
-2
-20
876
483
-44
231
928
77
-890
351
-134
950
183
53
63
-682
140
-812
55
652
208
822
302
-755
-656
895
-349
-334
148
856
920
-149
23
-7
617
291
-924
589
937
-124
78
395
-925
-196
-808
525
-250
875
-184
785
191
-159
-264
-968
-486
380
450
-670
-242
-651
-903
988
704
657
88
-501
-474
391
662
-251
-576
806
-74
210
979
-704
-883
-999
427
-538
411
85
584
651
-275
-844
-903
-430
885
-961
-727
-126
-928
633
412
-971
-65
472
-873
162
-720
706
-894
-89
-533
540
283
-2
-308
214
-665
784
251
-710
-685
26
-482
-646
-988
-379
-75
620
338
-494
460
69
-342
-441
-773
92
-946
-629
550
533
195
253
-550
-661
561
122
708
-272
-787
-434
849
-685
834
-435
-239
-384
713
857
33
-617
207
-587
-296
904
-448
-139
317
257
-183
-558
148
645
136
172
-204
-224
756
31
-242
698
791
-440
388
786
-801
-985
-840
-722
-857
-624
345
351
7
658
554
-917
696
-932
727
-932
787
-305
-448
-965
-128
-472
-392
723
-576
240
-756
-888
-962
-462
739
784
346
517
720
752
747
-446
-818
-997
-271
952
-944
639
-320
844
669
-657
951
97
-453
296
-162
-44
-327
-231
244
409
-630
-957
-330
547
-554
-892
71
-138
-1000
293
-802
286
292
783
733
653
-427
-811
-161
-882
-973
-891
-580
-739
973
843
-791
114
-551
-538
-747
-901
-354
153
-858
157
239
16
542
742
-878
-513
-826
-7
350
345
-6
272
-488
437
-498
-398
371
103
166
707
-778
-568
658
183
-417
-188
-133
17
-618
-811
653
214
-229
225
-959
-506
-747
-489
-164
868
-782
-446
-394
-283
-408
422
734
275
-559
776
-968
-907
-507
-343
841
369
898
-211
-391
-981
-550
-17
140
81
380
-336
467
-640
-881
373
844
-625
681
484
-469
43
-169
-730
99
139
171
533
227
484
-209
-55
-88
901
391
323
-624
-141
-979
202
-965
-350
-668
724
338
-780
253
920
844
-994
954
924
-655
454
-443
-59
-599
-778
-840
-503
-927
-911
-78
312
767
529
747
807
927
-56
74
-398
-983
587
72
-247
-712
-389
738
-417
979
529
688
-631
493
801
-102
-266
434
575
-552
-500
768
266
1000
-394
544
278
-922
593
642
-430
389
-476
-998
78
-276
318
321
-285
713
-369
-368
-26
-794
-972
290
-913
-713
-719
-15
-978
-504
333
870
-480
688
764
372
-300
-824
-503
-735
193
557
-607
646
-915
-904
-313
803
613
875
-831
681
655
-485
-929
160
-291
-280
803
837
-338
952
-999
57
-991
-537
-942
-628
-886
510
-959
662
908
-536
222
-151
90
-331
-151
-30
-467
-778
-864
-10
905
302
380
405
-532
-15
102
-741
-136
889
970
-627
285
-652
-906
-341
618
230
214
-189
-289
315
-894
-742
853
860
993
928
356
808
-693
423
-669
429
-957
684
-442
432
-929
-483
-476
-692
-592
-270
303
-574
570
-661
829
419
-289
59
1
-899
-518
-992
-596
-488
-472
-355
358
992
-204
-673
317
-804
365
783
574
717
-62
-634
58
650
-290
407
-842
-917
-241
-741
-109
-667
-62
-129
-431
-363
-380
-276
-702
648
-428
710
-40
-565
-703
-198
514
574
858
-654
-741
-456
-487
-442
-592
772
718
-201
-897
-991
784
-238
219
917
-483
330
610
528
-125
530
614
472
950
325
488
-143
349
-569
-401
968
-505
140
255
-820
-801
-169
-960
-29
-11
172
536
701
-907
-72
-496
35
525
-617
463
692
189
-968
-300
-134
200
65
664
-719
-686
44
275
463
-288
-452
353
943
-524
419
942
-784
-203
-596
1000
-796
-529
335
206
-262
503
-401
366
596
-661
339
684
894
323
-382
357
-716
-846
-287
-984
-677
-346
819
-512
700
669
797
-624
166
-884
-5
191
629
48
298
-686
-495
703
408
-792
-232
941
-205
715
-952
-471
-711
-415
-3
658
250
571
-8
-70
571
500
-118
-818
684
125
896
643
59
453
-618
-723
-876
87
-254
336
-638
-974
535
943
742
463
749
490
-744
-984
-392
-296
-791
-539
591
856
-466
124
219
-492
-964
248
922
525
77
23
-823
208
369
808
-454
-924
129
-746
-470
-120
-744
-877
850
-162
556
-35
107
-497
140
979
-324
711
565
-259
-1000
-773
-941
-922
-317
-374
650
44
-968
469
-926
782
-75
-190
242
725
-805
-626
914
166
382
-836
95
647
292
359
82
445
477
-265
-621
388
-938
-747
695
973
-947
-730
-257
304
23
780
776
-910
-671
-121
-144
920
523
383
27
833
-694
-475
653
-329
13
-96
66
702
-94
-871
813
-9
306
-665
629
557
-167
-7
692
-263
-973
441
-498
338
-864
-159
-763
-33
-192
950
407
-112
-237
-314
-631
-200
424
608
118
862
-693
54
-432
131
177
810
-208
-517
-999
-462
444
932
228
-157
-978
-350
-846
-538
776
148
657
455
-151
623
-926
-379
-245
-807
736
-720
1
566
-548
-368
715
-214
932
-648
354
681
-780
113
571
-382
-390
-538
851
-324
-133
472
971
886
-776
-137
398
-154
-762
520
434
-591
715
62
-23
-275
792
-53
-809
-919
131
466
728
345
-673
-865
-495
177
718
607
991
-408
192
807
-304
508
975
224
86
-353
-65
27
653
401
-570
936
795
525
-45
545
303
291
-861
249
-684
700
-655
-15
301
643
148
175
439
94
726
-630
-312
-11
-78
-323
440
134
27
-997
-729
526
-997
962
199
923
6
-71
-281
338
625
630
18
-509
-27
246
-872
-558
-198
-99
-567
403
244
-231
303
199
892
944
479
-561
-451
-482
-482
-715
-885
-206
422
-595
-568
-185
980
792
561
-625
223
240
-412
475
-980
-848
885
352
-793
510
949
579
14
-592
255
-918
-789
471
474
852
-762
830
-750
-332
-558
-277
-845
633
741
126
228
86
-689
-512
-501
679
-865
248
-91
182
233
438
-270
-172
157
37
-552
741
-859
-846
949
747
-106
-540
948
406
480
410
-477
-984
-728
-794
707
952
-340
-700
697
-421
-507
105
-59
-115
-774
974
649
-988
193
-349
-547
-103
762
697
-700
155
816
-626
47
168
246
767
69
-181
971
-200
-113
-5
-620
-980
347
-888
-17
-757
598
-968
894
685
951
839
-307
718
-690
870
313
-927
290
-760
451
-330
-54
448
194
-883
999
98
838
-429
-538
-425
333
757
-702
-329
108
335
-443
-208
187
406
809
218
-399
850
866
812
-229
-718
101
627
-387
-159
600
326
-730
315
-296
377
752
833
-324
391
368
-851
-671
861
743
-52
297
910
-704
-500
579
281
-277
562
269
210
860
851
-646
149
985
282
515
-281
-838
-519
250
-615
-548
799
835
-279
77
-894
-355
746
-374
-447
-896
719
-592
853
292
-889
-267
-488
473
-610
-209
-428
-402
-395
111
-718
-498
129
-948
-739
-864
-684
-449
-172
-209
432
297
-688
-615
604
367
-236
-684
-108
948
370
914
760
-823
-489
989
15
-981
-481
-946
502
-90
-716
-72
-856
-640
-424
-208
74
22
429
-42
482
-899
725
-386
-328
-314
596
327
435
-169
-267
-416
984
-36
-231
-122
-174
-754
-219
634
308
-335
-622
712
690
254
-131
-676
774
959
-991
802
-343
813
-677
-671
900
-571
212
-668
-61
975
401
-874
-996
370
640
510
-340
-342
732
418
202
-223
-202
-418
777
388
-643
-481
-261
323
125
344
833
490
111
-545
-804
-197
-77
-910
833
276
598
-707
253
539
-622
-443
434
441
757
-823
-678
260
431
68
-503
661
-471
-655
510
-310
980
-843
-279
-815
-134
851
-818
884
-59
656
-870
885
-923
-483
-378
-265
-110
-503
-97
-234
771
356
-730
-250
-939
256
-714
-533
401
-53
330
-741
676
-876
119
-302
-359
-954
189
363
-379
-859
932
-315
-385
-591
963
834
-25
366
-95
-698
713
-922
362
-751
873
284
163
437
758
154
-90
-409
-787
679
161
-187
757
11
-741
553
471
964
675
-691
-492
759
90
581
-417
496
120
-542
793
650
-886
877
193
849
-521
-554
-841
219
169
112
495
-939
-685
-189
-187
640
-604
-621
149
-905
128
127
-669
540
29
-409
-687
-471
-695
-616
-254
805
268
-132
-245
446
175
-136
693
830
-512
-878
-937
-938
-614
-33
-571
-748
-686
-611
-45
-186
651
252
-70
400
-984
846
-339
666
-436
-276
328
-543
-740
-175
-65
-867
777
-949
-38
-399
-793
-966
-380
535
-983
-211
-500
-643
-312
-9
842
700
-63
-209
920
-828
246
939
776
654
-675
-890
72
-548
-749
221
-742
18
647
-141
601
-921
629
128
757
-369
933
-212
947
639
404
-33
-838
-862
-983
344
-53
364
-872
-164
-803
-201
363
-826
532
562
-392
-358
-848
-488
-769
-118
12
-764
266
555
466
560
-554
-36
-544
205
-190
962
-337
572
506
-502
175
-583
-720
-879
-380
215
-969
-464
-215
240
907
-459
688
-666
-436
-544
-879
-771
-908
-675
-611
-669
458
804
-5
-896
-536
488
743
993
-145
-910
547
948
281
-509
135
-687
522
-946
936
119
-314
-508
587
509
266
411
-617
-360
-707
826
-930
14
-50
545
-198
-191
-616
-72
-55
-297
-649
943
-479
-991
-328
762
731
-183
363
-913
606
-487
195
687
-530
-140
794
68
-730
237
-983
-946
693
-18
-504
-92
387
971
-449
278
967
-692
-380
-379
86
828
-543
-884
795
248
169
728
-56
-87
-605
-74
-644
-978
-66
988
781
708
-633
-873
-153
-839
-498
614
-213
920
-346
405
150
-535
620
689
-499
61
-656
109
-888
-63
-862
67
-876
-757
-794
637
913
682
-433
728
437
-822
163
-720
516
786
-790
370
312
-331
97
-462
485
141
-105
193
50
799
-993
652
-882
-733
558
-817
-161
854
262
-642
-548
330
409
-413
-967
954
933
863
834
-864
699
-371
-211
162
992
28
362
851
579
-819
-211
-192
84
-969
-352
-572
48
-350
309
-225
904
999
-309
-738
504
352
388
-238
-84
-905
-915
809
-368
-163
-674
-481
-338
91
818
-579
-113
-64
298
-464
-84
-597
180
-588
567
-216
-224
-31
189
-416
491
-671
240
307
-659
770
-935
62
-804
696
512
177
305
-210
642
313
-959
-772
-128
987
929
861
-939
33
846
270
655
641
254
327
129
-993
-138
-813
-411
-25
512
-935
789
-784
250
-251
-78
-421
373
706
-323
-359
-634
-795
925
-397
811
-663
-714
-194
-830
852
-53
272
535
171
-547
-725
-787
-704
-895
624
-716
924
212
879
972
976
-461
965
960
-321
976
-353
-974
842
-481
550
-657
-296
-432
-520
837
563
-95
467
680
748
596
-734
855
-578
-817
258
-927
-707
167
-767
989
-318
-383
-6
-240
797
-48
764
402
-574
968
-173
200
127
-653
-577
-86
369
330
762
-729
489
-795
725
739
-117
-447
634
64
308
698
-911
-177
734
0
-175
251
-671
-11
44
24
-942
-587
-814
-421
451
-728
-125
-623
287
610
-821
-576
-495
891
510
472
303
778
489
214
276
-941
-635
-850
801
-378
353
927
728
-578
908
-929
-361
94
114
-49
-549
-796
689
-399
-362
217
-509
-981
584
-277
602
307
860
-241
312
507
440
470
-400
541
-895
-4
217
-693
121
551
-110
121
-376
76
593
-693
-414
216
337
104
296
963
-543
961
945
232
94
394
-211
733
578
948
217
-895
-799
-287
-323
977
-451
-317
-686
-361
-602
399
-476
-486
343
-332
737
-161
-339
554
-558
-762
78
680
-513
909
-800
283
-121
-977
-743
567
211
-144
-311
-464
-401
-253
-778
-876
802
-591
701
530
405
-601
83
-176
470
66
-135
20
-935
527
-651
632
-213
-44
500
-326
473
538
311
-583
-303
566
708
528
10
586
-395
-531
997
292
438
-967
637
809
518
339
28
-397
776
-533
702
-855
9
-713
604
289
440
163
217
-479
695
-929
389
-701
-488
-399
600
-149
-948
830
-1
-568
865
582
-855
-348
600
802
-412
866
-167
9
-552
-504
-464
652
-373
531
586
-758
-936
-196
604
-867
171
326
-274
-181
-881
739
167
594
336
436
601
-754
161
931
22
-929
-498
-521
843
660
-294
-431
903
-4
-780
-235
868
811
771
-697
974
-26
615
-123
844
-355
368
-721
-460
921
-35
-633
-359
-509
-784
980
-284
785
-948
283
985
580
177
-565
-432
-883
436
542
-417
-347
-100
772
-262
-259
-534
-603
-528
-563
-798
-909
-743
495
523
255
-409
185
-349
216
859
600
-797
-677
-951
829
-881
260
244
-413
-505
-385
899
967
818
546
-683
101
906
788
-660
458
536
-620
-608
-977
577
835
-327
-658
859
900
870
-554
599
360
197
-889
599
537
-625
-253
-194
-296
849
-914
443
-198
-873
752
540
-84
-210
-889
332
-68
-983
-265
-379
-443
480
-376
-461
-881
-341
31
-691
-138
-546
790
-18
848
902
-785
457
239
331
1000
505
-203
575
-593
-345
355
781
-796
-637
-377
-806
386
84
-169
-531
-156
193
808
130
82
337
764
215
-385
-56
364
-994
-868
-789
-391
-386
-656
533
882
-691
-444
469
-357
643
-59
-546
166
975
251
-680
-976
220
711
629
474
-71
-399
-135
454
-260
742
463
587
-137
413
265
-584
-168
-349
611
-16
-529
-34
880
-223
68
-76
484
108
-346
-117
365
-777
-328
-166
-538
-279
-60
-388
754
786
412
720
568
-392
-861
994
-506
470
-14
606
128
-876
945
672
211
716
373
903
389
82
520
606
-318
-33
-614
467
856
-516
798
-333
296
-925
222
-499
98
-395
-756
-916
204
795
947
-712
532
406
-394
-267
220
-623
484
278
158
-944
-147
-484
920
-990
792
-981
-717
286
-381
86
-791
-403
-966
-315
196
87
-672
673
-623
375
-802
177
-931
18
571
737
-407
144
-304
-154
-414
87
-824
735
-852
-183
932
-457
-978
-519
-230
-286
149
-916
-170
517
-945
405
34
12
929
155
-906
-850
296
-762
700
287
445
355
-573
304
-479
-936
753
157
374
313
718
991
153
769
108
423
941
986
706
642
431
491
749
-863
454
-209
-644
-514
-683
678
847
766
71
64
-295
998
-384
968
-911
-800
-970
-368
-571
-540
-439
-826
729
353
-653
-40
127
-645
376
616
349
351
974
649
571
357
50
-217
607
828
-804
-215
-571
-80
-670
-144
-564
-944
-267
-376
-538
705
689
565
724
-81
557
873
425
-653
503
-866
953
-269
694
-697
942
-913
-540
338
314
150
225
989
365
-289
-575
-868
-969
691
521
346
-919
868
27
-107
-823
813
191
806
-453
713
725
-11
-824
-370
-754
-952
43
-351
-179
212
-955
936
491
-638
145
411
-30
-724
-640
-161
-631
-683
166
997
-868
694
-88
247
-704
-202
62
-563
-737
710
621
-578
-806
131
812
-89
-540
862
878
-595
258
303
769
709
-415
-636
-855
266
931
-984
463
36
-396
843
998
457
602
-148
151
157
-860
908
-119
-993
780
762
-193
-109
510
580
-880
-940
721
916
-648
-560
950
-950
-391
-246
-466
636
840
329
855
-952
990
-49
517
-570
616
-838
-810
-968
-200
-945
424
-389
201
-992
404
989
-170
-330
-751
-983
129
-657
545
-423
206
-636
-52
-173
526
-384
-153
-392
944
516
879
956
-878
-864
-958
370
955
13
-269
563
533
577
638
308
-697
781
-849
-359
-798
550
155
-978
-360
-324
-392
-48
-129
786
-401
-601
-351
-544
-45
563
-42
912
638
-708
421
97
230
708
-290
63
-245
-169
-171
211
907
772
-959
-159
123
-197
-142
-203
389
-165
-908
-872
436
-107
895
352
945
346
523
-30
-532
758
-238
-198
-119
352
512
74
-142
698
-809
50
929
361
-271
-601
-406
917
792
-396
-910
-740
24
828
-768
390
-792
-694
-776
111
-163
-312
-668
59
786
642
-921
-989
78
124
-649
-625
665
916
307
-929
721
805
18
451
621
252
-59
-25
-884
-778
927
-719
-891
-54
-901
-874
-462
-902
-917
-178
-709
-94
141
-840
-833
373
694
675
-487
-304
-684
527
333
781
401
579
266
-835
-895
183
438
-708
252
289
610
422
557
118
126
376
879
518
-680
407
-682
-16
659
876
403
736
-255
303
905
-442
-495
-294
-448
-943
140
-708
-579
-697
-828
169
-748
227
-35
-842
-736
778
-526
-904
930
-806
-342
-519
292
635
793
-912
797
790
364
921
-44
961
-457
355
85
-269
-601
105
657
-37
-875
-865
523
491
673
852
-434
-997
-178
-517
-746
-760
-921
-14
421
-782
-68
-631
-501
-600
860
-990
31
-761
866
-850
922
31
-810
101
-235
4
213
-630
-533
-437
471
723
990
657
271
-843
422
-624
-149
-694
492
556
-695
-284
690
719
470
-699
368
-388
-986
912
-219
221
902
801
-379
974
474
-53
-210
-737
339
-485
-763
58
798
-859
-189
-587
-264
-903
477
427
758
534
601
980
170
54
-861
254
-858
-640
-553
156
-87
-5
-964
-867
812
-405
754
497
-997
498
947
-509
-14
-400
601
495
-13
40
524
-677
-249
621
24
260
-72
794
194
54
-226
865
249
-228
-148
501
249
-792
-754
-564
-577
2
926
461
-320
949
-703
-894
-721
103
-903
-916
960
950
-384
926
-453
-286
-40
-427
811
-390
299
-309
76
593
-917
-341
427
-372
419
-507
668
-893
-933
-32
684
-864
-946
-880
132
556
-947
-290
544
-35
801
-957
-677
339
215
-530
699
236
-523
-499
622
980
-786
831
419
-462
584
438
913
975
879
-143
-619
-282
-551
-490
-992
-496
837
-333
-537
499
-634
-29
-951
-785
-359
-167
-254
198
181
864
883
127
-404
-597
-751
544
-888
87
391
604
-702
-510
877
-929
288
38
807
936
-834
225
336
-367
747
-650
-513
258
-572
536
275
481
-99
738
410
818
70
288
-372
710
497
-89
-869
-423
11
505
453
35
748
364
-270
427
-742
685
711
416
488
225
947
971
505
-274
-721
-223
1
233
60
-834
720
168
-57
64
342
-725
-23
-184
-305
53
-929
-96
120
298
-711
-361
66
-886
810
-146
-493
-964
-208
942
-457
-930
940
-12
703
-140
-756
-870
-875
-751
-743
343
622
195
321
77
271
-181
628
-60
-184
297
-454
-182
-462
-641
792
-85
-912
-630
-802
-657
-791
764
-386
-268
852
25
181
-753
854
-488
-180
-2
681
-670
-640
-48
-356
-740
-56
-888
-639
219
-131
-455
366
-466
994
-721
881
965
-112
188
157
23
-914
-919
907
532
140
-358
215
-538
56
435
-775
-505
-902
-131
721
602
771
-897
900
-184
-316
490
-20
-469
-69
-415
401
-294
894
-929
791
-912
-924
-925
698
88
-305
27
516
376
-679
-224
-918
902
97
-157
-854
597
-961
552
-305
-255
715
405
557
-487
-201
686
-466
629
299
-326
-754
-775
732
-290
921
-956
727
950
301
54
651
-147
696
153
-38
-778
-692
-227
-135
-435
-626
558
997
634
-239
921
972
-109
531
915
246
18
-589
466
127
-556
-616
650
420
-958
856
-932
-740
-792
122
-492
-135
-806
835
675
283
454
685
701
865
-151
-749
460
256
726
261
396
676
703
-342
-375
268
697
-230
-444
515
26
962
771
-706
-655
294
-877
25
-470
-151
-124
20
243
-513
773
712
-185
433
869
636
923
-39
799
-409
-581
108
286
-910
-902
876
-938
55
-548
-359
-221
576
478
752
-199
222
-412
214
225
724
-832
763
-476
986
380
-307
404
25
926
-16
-495
792
695
-633
304
210
741
-888
363
639
-533
-842
-10
-891
532
-842
494
536
311
35
-664
-276
-71
-141
850
435
227
-829
-904
517
-358
-452
-462
-359
-861
-958
812
924
174
761
802
-830
43
-731
819
-670
-607
794
804
350
-520
-337
-394
783
432
-10
41
-634
-373
-256
-749
-615
-812
744
325
-952
-297
-26
-288
452
664
-28
372
-142
-506
-26
209
-147
-591
53
228
609
-289
688
-551
-161
294
739
-208
642
184
281
196
-664
141
526
439
-516
-84
-750
-566
704
-817
-740
-285
-536
472
-238
375
717
-614
-799
-338
-195
454
190
-947
260
596
802
-558
925
-658
-857
-217
-753
-961
-538
348
-30
-849
701
-571
261
-82
757
375
58
208
116
-196
-103
846
118
906
-10
749
-5
384
597
-623
747
484
185
378
186
-116
-63
132
-504
176
582
864
895
671
-612
-488
-37
-466
-492
273
14
758
45
-984
550
-601
-983
966
172
-324
329
-111
758
801
-801
405
7
-848
144
381
933
-811
-295
-158
-102
-95
29
575
-757
33
-755
-173
921
-727
245
-412
613
990
47
566
780
941
-389
97
885
682
-956
-879
-57
258
-207
-295
-803
56
775
-785
-237
408
805
923
-415
-644
999
609
-704
156
-243
965
-961
666
-456
-906
-133
957
536
921
-457
58
-394
68
75
-356
-519
-510
-673
841
-970
448
38
221
-978
-668
-414
888
-694
951
-906
-510
774
-743
-572
67
-225
-316
-770
535
619
-755
-980
516
-678
611
728
781
-254
-674
230
258
-729
-412
-237
-837
-841
799
468
160
508
263
6
-368
-835
542
-756
982
-184
800
-846
5
-445
417
-32
-464
-815
459
713
-339
-206
-482
-565
421
96
-228
-529
77
-368
518
-936
602
-1000
550
-279
-792
983
-150
-175
-153
-208
-4
169
720
978
-259
155
-1
246
-343
-660
299
518
832
-668
-663
661
720
185
-423
282
-347
-673
-207
982
-355
-587
623
708
-322
118
997
-611
161
790
305
-313
233
467
-70
106
-417
-341
736
488
744
-569
-832
177
487
-578
-199
629
-672
-169
-789
710
-778
257
549
251
985
943
-336
-159
521
535
913
-826
-376
910
-240
-581
-796
-290
-219
-298
189
-893
-528
-344
-532
440
662
375
-376
-743
484
-257
-462
-836
-563
-799
436
235
-267
694
387
654
966
854
-648
-149
-440
-96
-431
-473
774
96
316
105
954
171
-606
-511
-154
-348
584
415
-116
696
-60
-711
-488
-673
-92
297
-520
542
-97
-353
-89
-679
-686
-469
305
72
66
-613
570
774
-15
787
467
593
828
813
562
-731
968
222
-416
987
-896
530
-984
-418
-8
-204
-413
-714
-444
-999
-531
-647
125
555
-383
-4
919
809
-198
25
-736
-371
265
604
671
896
541
-31
-262
-279
-95
-659
50
276
222
841
-259
772
631
887
-87
-802
-114
-97
104
643
519
303
435
-450
-368
-178
686
-771
-751
-314
407
217
289
-79
-675
-687
-183
-463
-873
-844
-329
-86
411
127
-915
-899
-372
213
927
358
784
637
-74
-578
-739
869
483
-440
-11
298
971
-123
113
-7
337
722
364
-475
441
-594
-976
-452
180
-960
226
-118
-424
245
-309
-743
133
281
-341
-757
157
-658
-623
-746
312
321
-370
917
-375
-730
-304
-312
-766
656
955
498
-712
839
16
-935
838
-612
371
678
623
-560
683
544
821
919
-65
35
-322
352
349
695
-408
109
-482
30
312
-237
151
4
812
-71
-342
-514
777
775
961
67
7
-195
-762
17
400
-389
-239
767
-925
942
776
-797
103
794
82
171
-423
-888
532
-45
524
59
-945
638
414
-818
745
114
720
965
556
-848
329
-682
434
775
-27
236
-824
-877
261
206
-944
57
-806
320
-188
-846
-961
-548
-998
-130
655
-87
-171
528
-834
-769
-805
627
830
208
833
914
-793
635
22
-61
-436
-399
14
-206
-741
-758
-385
-479
114
-866
-884
606
273
-329
-520
-424
-252
-110
-24
854
-784
578
455
-368
-536
111
658
-563
831
-609
-721
619
-965
-955
692
-543
730
519
-747
-110
-79
-504
153
485
852
-252
720
488
-506
-397
-422
788
983
647
-325
-644
-866
838
485
-451
653
907
198
36
-95
-38
718
33
355
424
-274
-429
-928
719
-330
-763
-135
-411
190
-112
230
-525
67
-254
658
-954
721
-607
997
351
-397
817
-595
-826
220
784
82
300
-316
179
-663
532
756
-408
-575
170
-999
803
936
-469
-179
-574
-307
-268
-52
384
-541
-185
-81
-550
857
-576
890
-947
843
-629
-992
-929
380
-689
19
49
909
-156
-729
98
-514
522
313
-637
-800
88
752
-629
-981
-97
818
351
878
-831
806
-640
-81
-121
-696
-689
241
853
-65
223
-990
804
986
41
319
-207
-582
-401
-346
-245
-643
-154
823
207
583
857
745
824
-890
-711
-575
256
-621
-937
787
-900
644
-362
-599
-96
828
-567
-671
641
186
-961
-656
-10
-202
-774
-16
-349
230
-833
-259
262
127
884
-201
636
-658
-418
141
-849
96
-124
-792
771
-205
-681
-353
-758
233
-489
844
490
-196
173
-720
225
-527
-529
-324
-706
-397
983
-331
309
157
323
-485
-719
-383
-895
-415
862
127
-524
586
627
-528
385
-422
260
-350
-866
958
-679
-889
818
-547
221
-532
452
-671
-170
-759
-55
-913
-669
-843
908
372
9
-374
477
589
71
-400
-841
715
467
234
609
565
783
-703
98
729
-588
218
833
-793
878
22
-355
-563
203
241
-51
-995
-5
-427
494
-504
124
-856
-945
-738
-354
110
88
292
-111
-29
255
1000
-436
-903
-687
-394
346
-683
-172
413
273
-922
-852
-603
665
-715
378
703
392
-443
300
918
-514
-466
-307
-13
132
207
48
664
-205
160
328
553
786
937
60
441
-495
-564
-101
459
171
-703
-573
-744
770
-603
-640
-765
-953
-772
-336
-944
508
242
737
-86
-996
405
933
-929
-356
361
828
913
-684
-837
734
-519
-917
696
-612
15
-241
295
813
201
-618
932
-734
682
665
666
791
-11
156
-948
-230
224
667
-323
10
907
199
-773
996
-202
444
584
848
-874
-427
-958
-624
518
-92
-846
4
-923
412
-922
458
-607
-375
154
-747
186
-548
-165
-626
865
-296
-543
-590
209
277
-9
314
945
144
719
-216
921
-223
-485
-808
684
-337
-839
-431
-128
84
617
-712
745
493
196
-11
-984
728
-706
119
-936
378
645
-613
420
502
974
-991
-635
-933
798
-213
-192
798
-13
649
-755
507
-930
939
-28
921
661
-895
-868
-491
251
806
-749
113
-277
-682
819
635
344
803
-377
48
-920
-702
-408
-453
-739
476
884
-206
-831
556
213
97
592
914
165
750
909
-754
731
-152
238
-374
55
-957
999
-224
651
-155
375
144
-195
149
-944
-360
689
347
-990
-921
-864
-768
607
468
621
-229
903
-840
-115
209
149
544
735
858
-458
-258
-508
261
334
-208
603
-187
263
12
-151
590
980
488
-767
907
909
-52
206
882
680
-75
-223
-455
-618
-531
-787
985
-252
-933
-138
323
-743
558
-219
-940
-723
904
-755
-727
-500
124
537
462
515
-217
832
-904
-969
-702
-120
-437
-644
-35
-743
121
881
986
384
69
-330
635
604
205
186
-397
-469
796
-535
-356
-580
385
787
66
50
162
660
965
-387
970
409
965
597
906
690
-134
-79
121
-801
-519
276
513
954
304
-21
-607
-158
19
-498
619
118
-712
992
492
534
542
-783
-110
255
211
-19
-995
291
-603
192
-909
317
148
639
605
108
-655
-333
-834
479
-129
-225
-292
204
564
-897
-256
43
-401
848
-386
-135
620
266
-851
719
-309
-140
364
133
-87
-355
-391
-535
70
-435
808
-665
-923
733
939
462
133
802
-101
457
-636
645
-818
-617
-409
903
955
861
-761
823
-498
-189
-933
-303
137
-650
-801
840
502
-555
643
371
396
-433
-952
-200
540
703
368
-853
398
250
165
831
-746
-631
-742
89
-106
-931
955
-339
-939
-624
998
-280
-659
574
807
307
-885
-845
608
6
-783
-545
-1000
-908
739
590
105
423
-188
440
-175
516
335
-187
-403
369
-8
995
-568
453
498
-406
-876
-328
179
890
-343
-775
600
-425
458
-561
-705
-389
35
983
-393
-405
363
509
-817
-150
325
-799
-646
-383
-907
723
-759
-898
-282
-478
-967
-19
342
-430
-222
103
784
-580
162
-725
-829
917
336
356
626
238
270
-470
150
-940
228
258
-491
541
-957
-984
-529
405
-941
320
965
-915
-54
388
30
711
699
221
-656
870
-936
410
-28
955
973
-779
-389
30
-591
787
-30
759
-153
907
841
84
191
-664
702
-803
-702
785
945
263
-930
-495
311
661
-825
-34
608
-554
-379
-780
328
-408
273
952
198
-75
8
847
-181
58
368
-1
-351
28
891
-766
248
402
-14
598
-201
-680
-455
104
302
507
-119
24
463
422
204
782
193
897
-21
-499
212
390
609
28
-317
-316
548
-302
-369
-32
-961
204
812
-907
833
817
786
674
-188
546
-391
-888
160
-715
-84
468
-264
-742
520
-295
-485
-714
-907
-963
806
-18
290
-116
575
628
352
-348
-659
830
91
124
-274
-786
279
-615
-633
25
-414
618
543
107
339
905
-801
648
-502
630
-15
683
-600
-370
248
199
-638
184
-934
623
-259
723
-449
-478
270
364
-515
21
-230
-833
-736
76
825
-322
985
-695
223
-301
626
786
-934
-199
174
-223
807
-669
-109
1
-135
-868
821
-519
97
-529
-518
-214
-718
213
608
681
-881
-871
-391
62
658
482
-878
-595
-827
-535
105
842
146
-618
792
-132
859
448
-258
-199
-500
-706
-439
-539
-912
340
-501
-39
-949
587
-727
-903
804
-970
563
-60
-89
-768
-477
-354
-836
-279
-217
821
909
303
-15
966
713
940
118
845
970
18
-551
-222
-256
-335
777
-28
739
-320
338
384
-587
780
841
1000
-342
662
-316
976
789
-873
855
-934
-737
-235
323
40
-603
-839
884
-784
211
171
567
614
-32
-815
37
325
-747
-539
591
-381
-338
-571
-785
614
207
-977
-722
-447
256
-254
-674
-745
867
-997
-942
21
-944
-880
714
331
659
139
-318
855
526
-716
-439
-630
-506
-580
746
836
-874
936
-489
-754
-639
-907
-836
251
890
-211
253
155
-891
-735
-628
302
-549
467
835
-556
-267
840
240
357
551
498
185
789
353
70
702
784
-750
-849
-393
-58
-335
-75
-372
148
-115
612
-502
-138
-869
327
-871
236
-289
503
531
-852
606
961
614
427
-956
-741
-702
-153
962
-303
-715
671
598
577
-560
837
662
341
-869
-962
-701
473
-519
64
62
237
-632
885
584
-68
890
116
934
-39
-389
-159
-371
150
-405
-100
-803
111
751
917
849
-891
-753
899
-375
-62
570
-74
65
25
421
532
523
818
-939
524
427
-902
-450
863
-133
577
-537
-168
38
145
-925
638
926
-852
-215
-849
-703
801
-425
433
831
339
521
274
-278
326
-655
124
-873
166
-143
893
-276
-498
210
485
802
314
-410
96
624
-622
-459
587
-990
666
3
-35
-141
845
-730
79
-710
-64
235
-744
-818
825
-914
-966
-18
149
589
433
-176
-962
-881
-334
370
-45
-671
-463
860
121
-396
358
-449
293
-47
162
814
586
-11
-684
264
-350
148
263
-772
372
-973
-956
-66
911
762
-196
437
1000
588
678
700
-195
-41
273
-171
552
-324
149
-609
-566
-396
-496
-439
17
-813
456
748
-79
123
888
753
720
-639
17
827
368
-931
878
-600
-673
-28
-126
163
-810
-571
879
-9
-260
725
994
-879
-233
-637
-282
-136
532
-372
648
-518
963
-298
-61
772
-741
-668
154
241
-42
382
978
-92
-384
-560
-803
370
463
877
-104
-86
412
-228
762
-933
745
67
235
108
-582
-620
627
-46
14
-642
938
-836
-207
992
-256
751
-357
-255
-850
-223
-400
208
178
-825
500
110
324
290
-816
-853
908
-200
-661
476
-300
292
115
-936
-36
884
-664
-755
-888
-322
511
193
-91
-326
-338
640
-859
692
-327
-946
427
-825
947
124
-379
-77
-675
230
-276
-618
-199
536
225
780
710
608
314
743
216
945
153
429
-741
-655
862
-178
24
-28
-332
705
366
-944
-358
-290
-776
-661
-790
239
254
-792
-412
-628
399
-383
-626
559
688
-757
921
488
210
468
463
-603
-475
-337
644
-758
261
-166
902
-521
-136
849
-636
858
-717
-141
975
-223
-717
-425
-788
-186
-571
276
177
-270
-568
4
613
572
-599
759
907
934
451
-584
-861
983
430
239
476
-698
251
120
960
944
-163
714
-747
-555
-872
-878
-603
500
-40
-257
125
-740
-276
-513
-945
440
146
184
-698
-746
-928
-323
814
76
861
-864
986
-423
-241
615
-360
-470
132
617
-896
519
654
-45
527
-789
833
433
415
-513
-255
-168
-1
27
321
299
-311
194
580
-178
470
301
157
656
488
-679
-732
-123
-804
428
930
-295
541
139
-885
-774
-176
472
663
-566
962
-390
-173
743
-471
761
329
83
311
-549
-696
288
-253
-321
197
-402
0
-580
805
264
-243
-568
-480
-199
291
68
-574
-604
594
-452
340
271
136
204
-58
-278
-933
-936
347
195
875
598
-268
308
-127
-529
878
206
500
632
799
-69
290
-661
-533
406
789
-571
393
982
480
-803
-977
-607
773
702
-779
332
373
-152
74
227
48
-686
992
677
156
-819
127
-859
-576
572
-679
-410
595
-570
108
-52
-317
-531
-529
-450
-39
-328
402
-569
-334
-840
-316
-64
41
269
232
699
458
-594
-385
-508
743
-943
-111
-247
-575
232
-653
760
60
-17
-453
-962
-666
296
765
726
-397
-787
-319
200
-680
499
-243
-798
749
974
-684
-943
-54
293
782
-848
119
841
-615
65
-886
-535
500
-743
158
514
-78
-785
311
641
526
190
-444
-442
-155
-565
202
-241
-991
857
-485
-150
96
-316
60
510
-933
-384
-652
-493
110
-218
61
-7
-952
-786
-804
-466
136
-304
645
-403
